image: explore_map.pgm
resolution: 0.050000
origin: [-10.425000, -10.425000, 0.000000]
negate: 0
occupied_thresh: 0.65
free_thresh: 0.196

