image: explore_map_test_2.pgm
resolution: 0.050000
origin: [-10.350000, -10.425000, 0.000000]
negate: 0
occupied_thresh: 0.65
free_thresh: 0.196
