image: estimation_rate_2.pgm
resolution: 0.050000
origin: [-9.950000, -9.950000, 0.000000]
negate: 0
occupied_thresh: 0.65
free_thresh: 0.196

